Input array is : [3, 2, 1, 4, 5]
Sorted Array is : [1, 2, 3, 4, 5]
Count taken : 53
Input array is : [5, 1, 3, 4, 2, 8, 7, 6, 9, 10]
Sorted Array is : [1, 2, 3, 4, 5, 6, 7, 8, 9, 10]
Count taken : 111
Input array is : [8, 1, 3, 2, 6, 5, 7, 4, 12, 9, 11, 10, 14, 13, 15]
Sorted Array is : [1, 2, 3, 4, 5, 6, 7, 8, 9, 10, 11, 12, 13, 14, 15]
Count taken : 141
Input array is : [10, 1, 3, 4, 2, 7, 6, 8, 9, 5, 15, 11, 13, 14, 12, 18, 17, 16, 19, 20]
Sorted Array is : [1, 2, 3, 4, 5, 6, 7, 8, 9, 10, 11, 12, 13, 14, 15, 16, 17, 18, 19, 20]
Count taken : 236
Input array is : [13, 2, 1, 4, 5, 3, 9, 8, 7, 11, 10, 12, 6, 19, 15, 14, 17, 18, 16, 22, 21, 20, 24, 23, 25]
Sorted Array is : [1, 2, 3, 4, 5, 6, 7, 8, 9, 10, 11, 12, 13, 14, 15, 16, 17, 18, 19, 20, 21, 22, 23, 24, 25]
Count taken : 301
Input array is : [15, 2, 1, 5, 4, 6, 3, 11, 8, 10, 9, 13, 12, 14, 7, 23, 16, 18, 17, 21, 20, 22, 19, 27, 24, 26, 25, 29, 28, 30]
Sorted Array is : [1, 2, 3, 4, 5, 6, 7, 8, 9, 10, 11, 12, 13, 14, 15, 16, 17, 18, 19, 20, 21, 22, 23, 24, 25, 26, 27, 28, 29, 30]
Count taken : 321